433.667
433.396
433.684
433.997
433.577
433.394
433.433
433.512
433.479
433.46
433.424
433.427
433.369
433.435
433.407
433.369
433.484
433.446
433.129
433.235
433.337
433.146
433.29
433.225
433.141
433.323
432.957
432.966
432.881
433.097
433.348
433.021
433.11
432.586
433.314
432.491
432.529
432.453
432.54
432.627
432.619
432.611
432.72
433.05
432.505
432.575
432.283
432.354
432.39
432.878
432.289
432.431
432.352
432.3
432.218
432.117
432.289
432.278
432.145
432.248
432.166
432.224
432.281
432.114
431.97
431.939
432.057
432.068
431.866
431.842
432.122
431.754
431.645
431.869
431.606
431.833
431.773
431.533
431.751
431.896
431.405
431.568
431.312
431.399
431.364
431.361
431.402
431.211
431.588
431.825
431.072
430.987
430.709
430.75
430.78
430.955
430.846
431.503
430.808
430.829
431.022
430.849
430.785
430.677
430.815
430.605
430.726
430.613
430.695
430.564
430.567
430.584
430.679
430.303
430.529
430.417
430.327
430.513
430.469
430.286
430.131
430.169
430.199
430.079
430.256
430.101
429.945
429.97
429.997
429.945
430
429.727
429.727
429.847
429.743
429.672
429.492
429.653
429.694
429.435
429.392
429.719
429.506
429.025
429.162
429.167
429.228
429.124
429.661
428.914
428.864
428.797
428.859
428.911
429.063
428.887
428.919
428.84
428.777
428.902
428.677
428.66
428.657
428.537
428.701
428.592
428.516
428.572
428.414
428.437
428.586
428.464
428.4
428.327
428.371
427.926
428.081
428.027
428.049
427.983
428.008
427.964
428.073
427.792
428.253
427.596
427.609
427.719
427.67
427.773
427.511
427.623
427.558
427.372
427.448
428.169
427.527
427.189
427.162
426.963
427.159
427.083
427.074
427.208
427.451
426.955
426.878
426.856
426.949
426.818
426.764
426.703
426.971
427.004
426.548
426.57
426.756
426.603
426.414
427.536
427.407
425.626
426.543
426.417
426.251
426.332
426.256
426.256
426.231
426.06
426.09
426.146
425.819
426.016
425.896
425.735
425.771
425.937
425.729
425.568
425.55
425.538
425.604
425.517
425.53
425.552
425.64
424.998
425.31
425.113
425.063
425.08
424.998
425.036
425.091
425.028
425.022
425.028
425.072
424.848
424.799
424.799
424.854
424.818
424.627
424.51
424.562
424.526
424.769
424.409
424.362
424.472
424.545
424.452
424.19
424.303
424.145
424.308
424.204
424.204
424.237
424.043
424.062
423.926
423.923
423.959
423.847
423.88
423.918
423.599
423.691
423.724
423.716
423.418
423.743
423.435
423.454
423.293
423.273
423.252
423.162
423.2
423.162
423.11
423.025
423.107
422.971
422.881
422.864
423.102
422.812
422.848
422.861
422.595
422.818
422.507
422.562
422.654
422.534
422.475
422.07
422.464
422.226
422.384
422.128
422.163
422.136
422.149
422.101
422.108
421.907
421.956
421.956
421.909
422.095
421.696
421.836
421.748
421.882
421.571
421.655
421.623
421.576
422.133
421.271
421.391
421.909
421.473
421.053
421.107
421.358
421.115
421.088
421.083
420.82
420.892
421.015
420.861
420.913
421.31
421.348
420.671
420.414
420.496
420.616
420.671
420.434
420.444
420.665
420.493
420.461
420.603
420.516
420.458
420.338
420.245
420.231
420.338
420.21
420.54
419.918
420.201
419.771
419.819
419.918
419.813
419.932
419.792
419.727
419.806
419.719
419.947
419.806
419.59
419.768
419.669
419.53
419.394
419.476
419.424
419.495
419.328
419.366
419.325
419.301
419.151
419.066
419.143
419.097
419.631
419.219
418.755
419.085
418.689
418.73
418.864
418.657
418.624
418.769
418.881
418.592
418.723
418.262
418.33
418.248
418.335
418.33
418.502
418.27
418.267
418.183
418.128
418.256
418.111
418.308
418.16
417.999
418.122
417.92
417.991
417.991
417.825
417.748
417.891
417.871
417.612
417.637
417.562
417.533
417.5
417.604
417.604
417.375
417.427
417.266
417.083
417.276
417.26
417.235
417.104
417.028
416.875
416.886
416.856
417.266
415.874
416.764
419.088
416.002
416.723
416.755
416.728
416.131
416.878
416.4
417.124
416.709
416.341
416.493
416.438
416.414
416.431
416.782
416.152
416.393
416.157
416.087
416.551
415.669
415.812
416.016
416.035
415.937
415.789
416.043
415.879
416.081
415.699
415.967
415.675
415.65
415.465
415.686
415.527
415.5
415.473
415.479
415.36
415.309
415.22
415.278
415.391
415.192
415.195
415.132
414.934
415.024
415.063
414.986
415.008
414.964
414.799
414.818
414.632
414.862
414.555
414.643
414.588
414.558
414.612
414.529
414.546
414.406
414.354
414.293
414.172
414.049
414.084
414.114
414.131
414.125
413.952
413.963
413.858
413.958
413.897
413.82
413.82
413.655
413.693
413.652
413.581
414.021
413.644
413.457
413.386
413.646
413.399
413.325
413.509
413.286
413.619
413.13
413.226
413.234
413.149
413.138
413.11
412.998
413.193
413.402
412.786
412.783
412.915
412.8
412.759
412.626
412.662
412.687
412.687
412.61
412.571
412.524
412.426
412.565
412.315
412.349
412.4
412.373
412.423
412.437
412.235
412.439
411.952
412.222
412.184
412.164
412.126
412.153
411.752
411.74
411.994
411.716
411.705
411.755
411.812
412.079
411.581
411.675
411.557
411.661
411.56
411.452
411.314
411.281
411.413
411.254
411.399
411.245
411.245
411.306
411.11
411.141
411.353
411.006
411.125
411.015
410.888
410.99
410.901
410.756
410.651
410.847
410.871
410.635
410.927
410.739
410.294
410.371
410.563
410.618
410.509
410.453
410.45
410.539
410.247
410.233
410.462
410.192
410.153
409.956
410.123
410.123
409.939
410.002
409.931
409.884
410.376
409.917
409.628
409.711
409.771
409.672
409.684
409.719
409.89
409.728
409.62
409.397
409.513
409.617
409.416
409.554
409.444
409.419
409.356
409.207
409.172
409.136
409.131
409.287
409.146
409.023
409.012
408.943
408.875
408.93
408.693
408.775
408.74
408.789
408.698
408.547
408.547
408.492
408.486
408.531
408.58
408.306
408.294
408.333
408.33
408.289
408.038
408.209
408.168
408.041
408.151
408.118
407.871
407.947
407.976
407.75
407.808
407.667
407.885
407.524
407.741
407.593
407.606
407.499
407.541
407.593
407.529
407.475
407.494
407.378
407.188
407.269
407.302
407.155
407.205
407.117
407.137
407.04
406.828
406.812
406.99
406.809
406.867
406.902
406.858
406.913
406.897
406.325
406.773
406.713
406.663
406.548
406.534
406.435
406.443
406.515
406.366
406.493
406.372
406.36
406.286
406.342
406.38
406.309
406.251
406.133
406.27
406.298
406.146
405.857
406.1
406.148
405.981
405.929
405.926
405.989
406.02
405.838
405.714
405.821
405.77
405.786
405.486
405.568
405.64
405.615
405.568
405.31
405.354
405.623
405.409
405.255
405.412
405.296
405.17
405.261
405.052
405.188
404.982
404.991
405.04
405.076
405.026
404.949
404.947
404.81
404.914
404.749
404.649
404.691
404.642
404.608
404.647
404.598
404.655
404.38
404.487
404.396
404.443
404.355
404.74
404.231
404.154
404.438
404.213
404.105
404.171
404.136
404.166
404.124
404.078
403.992
403.94
404.036
403.844
403.847
403.839
403.75
403.811
403.778
403.712
403.561
403.591
403.723
403.561
403.435
403.42
403.442
403.524
403.439
403.267
403.591
403.189
403.302
403.354
403.076
403.035
403.085
402.939
403.021
403.112
403.23
402.909
402.84
402.678
402.917
403.359
402.856
402.334
402.796
402.678
402.502
402.485
402.446
402.617
402.611
402.526
402.543
402.348
402.345
402.405
402.317
402.361
402.301
402.263
402.18
402.229
402.221
402.16
402.089
402.037
401.998
402.108
402.169
401.957
401.801
401.674
401.772
401.536
401.575
401.715
401.605
401.501
401.649
401.724
401.66
401.651
401.63
401.6
401.607
401.651
401.489
401.141
401.2
401.333
401.404
401.256
401.215
401.03
401.217
401.176
401.173
400.841
400.832
400.771
400.885
400.799
400.802
400.852
400.906
400.865
400.838
400.664
400.78
400.656
400.661
400.573
400.529
400.478
400.475
400.568
400.317
400.343
400.868
400.326
400.343
400.615
400.062
400.081
400.546
399.875
400.078
400.384
399.875
400.12
399.864
399.817
399.974
399.892
399.911
399.966
399.949
399.751
399.784
399.895
399.746
399.845
399.683
399.677
399.743
399.6
399.646
399.69
399.448
399.462
399.509
399.401
399.474
399.295
399.295
399.501
398.989
399.646
399.234
399.069
399.118
399.236
399.188
399.066
398.382
398.901
399.245
399.072
398.973
398.538
398.585
398.714
398.926
398.382
398.53
398.871
398.326
398.335
398.621
398.346
398.384
398.47
398.211
398.352
398.255
398.393
398.167
398.184
398.134
398.689
398.046
397.763
397.854
397.691
397.76
397.798
397.686
397.79
397.867
397.68
397.801
397.776
397.737
397.595
397.622
397.625
397.436
397.477
397.353
397.407
397.306
397.314
397.361
397.033
397.245
397.24
397.066
397.001
396.992
396.957
396.874
396.962
396.819
396.806
396.838
396.692
396.803
396.629
396.643
396.5
396.574
396.442
396.409
396.486
396.313
396.365
396.184
396.2
396.187
396.153
396.102
396.06
396.049
395.983
396.178
395.92
395.906
395.967
395.785
395.999
395.876
395.746
395.688
395.728
395.595
395.46
395.567
395.504
395.516
395.375
395.219
395.312
395.092
395.325
395.207
395.298
395.139
394.99
394.954
394.977
395.075
395.039
394.93
395.389
395.009
394.695
394.668
394.635
394.745
394.69
394.616
394.574
394.633
394.484
394.412
394.401
394.421
394.432
394.374
394.333
394.256
394.341
394.35
394.187
394.344
394.112
394.077
393.978
394.198
394.176
394.107
394.068
394.206
393.898
393.824
393.898
393.747
393.725
393.717
393.782
393.73
393.482
393.57
393.356
393.414
393.485
393.557
393.482
393.447
393.647
393.508
393.56
393.307
393.392
393.526
393.799
393.24
393.064
393.24
393.18
393.249
393.018
393.128
393.172
393.191
393.125
393.227
392.979
392.696
392.875
392.707
392.828
392.795
392.889
392.839
392.559
392.925
392.966
392.754
392.27
392.479
392.471
392.443
392.518
392.625
392.363
392.374
392.531
392.43
392.413
392.457
392.218
392.44
392.124
392.08
392.201
392.146
392.047
392.151
391.959
392.115
391.868
392.185
391.791
391.689
391.854
391.868
392.292
391.687
391.478
391.47
391.538
391.802
391.637
391.544
391.514
391.561
391.976
391.222
391.026
391.202
391.679
391.739
390.856
391.062
391.39
391.417
390.713
391.197
390.798
390.837
391.511
390.691
390.719
390.639
391.246
390.848
390.933
390.646
390.424
390.773
390.298
390.292
390.424
390.575
390.567
390.572
390.608
390.757
390.35
390.463
390.443
390.278
390.436
390.436
390.314
390.322
390.394
390.284
389.932
390.138
390.113
390.198
390.062
390.036
390.124
390.017
389.951
389.921
389.86
389.803
389.742
389.924
389.844
389.646
389.692
389.643
389.747
389.432
389.473
389.489
389.5
389.329
389.453
389.362
389.274
389.382
389.271
389.349
389.147
389.137
389.12
389.06
389.005
389.021
389.09
388.999
388.975
388.9
388.978
388.84
388.851
388.859
388.84
388.82
388.749
388.65
388.755
388.856
388.719
388.667
388.595
388.573
388.485
388.351
388.408
388.667
388.436
388.826
388.617
387.899
388.067
388.342
388.166
388.142
387.987
388.177
387.853
388.229
387.842
387.85
387.781
387.943
387.913
387.855
387.874
387.855
387.783
387.85
387.786
388.021
387.561
387.61
388.716
387.69
387.393
387.644
387.561
387.338
387.877
387.212
387.151
387.195
387.347
387.143
387.321
387.324
387.135
386.953
387.209
387.229
387.079
387.165
386.97
386.953
386.997
387.091
386.81
387.014
386.909
386.744
386.785
386.805
386.887
386.7
386.67
386.805
386.694
386.673
386.494
386.419
386.56
386.552
386.373
386.568
386.367
386.329
386.136
386.147
386.208
386.31
386.18
386.101
386.018
386.034
386.125
386.06
386.029
386.149
386.084
386.114
385.908
385.743
385.76
385.685
385.58
385.743
385.671
385.613
385.603
385.603
385.506
385.413
385.559
385.515
385.504
385.383
385.333
385.223
385.259
385.344
385.545
385.415
384.983
385.374
385.22
384.904
385
385.113
385.091
385.297
385.003
384.967
384.546
384.78
384.73
384.505
384.703
384.618
384.659
384.692
384.478
384.667
384.546
384.516
384.508
384.635
384.535
384.568
384.461
384.307
384.461
384.29
384.299
384.37
384.315
384.021
384.249
384.155
383.963
384.356
384.109
383.938
383.999
383.999
383.916
383.814
383.837
383.867
383.908
383.771
383.851
383.768
383.823
383.537
383.814
383.6
383.548
383.416
383.262
383.512
383.572
383.443
383.41
383.433
383.295
384.016
383.234
383.146
383.124
383.135
383.001
382.998
383.177
383.015
382.951
382.882
382.827
382.907
383.053
382.8
382.77
382.717
382.789
382.808
382.808
382.698
382.723
382.756
382.55
382.541
382.877
382.599
382.561
382.577
382.181
382.184
382.285
382.365
382.346
382.104
382.244
382.076
382.146
381.991
381.917
381.925
382.129
382.032
381.999
381.696
381.837
381.771
381.793
381.861
381.934
381.776
381.725
381.766
381.752
381.487
381.474
381.493
381.485
381.54
381.502
381.29
381.532
381.276
381.227
381.378
381.201
381.172
381.26
381.246
381.064
381.051
381.001
380.907
380.921
381.144
380.938
380.847
380.896
380.85
380.86
380.662
380.692
380.762
380.797
380.594
380.61
380.503
380.566
380.613
380.577
380.354
380.459
380.379
380.321
380.176
380.401
380.28
380.297
380.179
380.104
380.25
380.047
380.091
380.195
380.03
380.096
380.162
379.854
379.758
379.769
379.626
379.653
379.755
379.688
379.593
379.994
379.661
379.779
379.523
379.254
379.926
379.348
379.158
379.235
379.238
379.354
379.438
378.996
379.301
379.062
379.136
379.199
378.971
379.634
378.748
378.731
378.861
378.94
378.789
378.801
378.831
378.896
378.562
378.698
378.819
378.721
378.751
378.646
378.731
378.531
378.781
378.503
378.415
378.512
378.563
378.55
378.454
378.396
378.462
378.424
378.531
378.424
378.413
378.562
378.099
378.33
378.341
378.229
378.289
378.256
378.198
378.215
378.278
378.127
378.074
378.006
378.003
377.918
378.074
378.053
377.932
377.898
377.926
377.821
378.022
377.774
377.964
377.841
377.758
377.72
377.758
377.552
377.637
377.771
377.662
377.824
377.571
377.588
377.612
377.629
377.588
377.299
377.279
377.307
377.296
377.379
377.197
377.659
377.271
377.114
377.169
377.155
377.051
377.228
377.356
377.153
376.949
377.139
377.093
376.949
376.76
377.019
376.855
376.861
376.854
376.781
376.732
376.848
376.763
376.688
376.864
376.592
376.677
376.754
376.652
376.646
376.716
376.608
376.605
376.404
376.389
376.372
376.504
376.468
376.537
376.383
376.443
376.484
376.286
376.201
376.292
376.339
376.185
376.163
376.141
376.08
376.072
376.19
376.104
376.121
375.965
376.074
376.039
375.979
376.094
375.891
375.609
375.706
375.854
375.618
375.847
375.654
375.585
375.521
375.52
375.789
375.745
375.555
375.552
375.77
375.354
375.376
375.797
375.296
375.579
374.914
375.085
375.214
375.429
375.78
374.917
374.999
375.06
375.035
375.032
375.09
374.95
374.944
374.911
374.895
374.887
374.729
374.694
374.71
374.81
374.793
374.647
374.647
374.661
374.598
374.581
374.548
374.452
374.433
374.405
374.485
374.395
374.523
374.402
374.262
374.46
374.257
